35 35 119
1 6
1 16
1 17
1 18
1 23
1 28
1 29
1 30
1 32
2 3
2 5
2 7
2 12
2 15
2 17
2 19
2 20
2 26
2 31
2 32
2 35
3 10
3 13
3 15
3 16
3 21
3 28
3 30
4 8
4 12
4 14
4 16
4 17
4 21
4 22
4 31
5 17
5 20
5 22
5 28
5 31
5 35
6 8
6 17
6 21
6 34
7 35
8 10
8 18
8 19
8 21
9 12
9 25
9 33
10 11
10 19
10 21
10 22
10 24
10 34
11 25
11 28
11 30
12 21
12 22
12 24
12 32
13 19
14 17
14 26
14 31
15 17
15 24
15 25
15 26
15 27
15 28
15 29
15 32
15 33
16 27
16 30
16 33
16 34
17 19
17 21
17 25
17 32
17 33
18 23
18 24
18 27
18 28
18 34
19 20
19 29
19 31
20 24
20 26
20 27
20 34
21 28
21 29
22 24
22 29
22 33
23 24
23 25
23 27
23 28
23 29
24 25
24 26
24 32
26 29
27 28
28 31
29 31
31 35
