140 140 2400
1 2
1 6
1 9
1 15
1 16
1 26
1 30
1 31
1 32
1 34
1 43
1 44
1 50
1 51
1 53
1 58
1 60
1 65
1 70
1 75
1 76
1 86
1 88
1 89
1 90
1 98
1 103
1 110
1 113
1 115
1 124
1 132
1 139
2 8
2 9
2 11
2 13
2 14
2 17
2 19
2 27
2 28
2 35
2 39
2 41
2 47
2 48
2 54
2 55
2 56
2 57
2 59
2 60
2 65
2 67
2 74
2 78
2 82
2 86
2 87
2 89
2 92
2 93
2 102
2 106
2 109
2 110
2 111
2 112
2 114
2 115
2 118
2 119
2 122
2 127
2 131
2 132
2 135
2 136
2 137
3 4
3 10
3 13
3 18
3 23
3 45
3 46
3 47
3 62
3 63
3 71
3 77
3 89
3 90
3 96
3 99
3 100
3 103
3 104
3 105
3 110
3 114
3 117
3 125
3 127
3 128
3 129
3 137
4 9
4 10
4 12
4 16
4 26
4 37
4 46
4 53
4 57
4 65
4 66
4 67
4 72
4 74
4 75
4 76
4 79
4 81
4 83
4 85
4 86
4 91
4 101
4 115
4 117
4 121
4 124
4 128
4 133
4 134
4 135
4 136
5 9
5 10
5 11
5 18
5 20
5 21
5 24
5 25
5 30
5 44
5 48
5 49
5 50
5 54
5 57
5 59
5 60
5 64
5 67
5 70
5 77
5 82
5 86
5 88
5 103
5 114
5 121
5 122
5 124
5 125
5 128
5 136
6 10
6 16
6 21
6 22
6 24
6 25
6 27
6 34
6 36
6 42
6 45
6 46
6 48
6 50
6 58
6 64
6 70
6 85
6 88
6 94
6 97
6 98
6 113
6 118
6 119
6 120
6 121
6 125
6 129
6 130
6 131
7 10
7 12
7 19
7 21
7 24
7 27
7 28
7 29
7 32
7 35
7 39
7 44
7 45
7 47
7 51
7 52
7 53
7 55
7 58
7 62
7 63
7 68
7 73
7 76
7 79
7 84
7 86
7 87
7 88
7 89
7 93
7 94
7 96
7 97
7 101
7 104
7 106
7 107
7 109
7 111
7 114
7 118
7 124
7 127
7 128
7 132
7 133
7 137
7 138
8 13
8 15
8 25
8 26
8 30
8 31
8 37
8 42
8 45
8 49
8 50
8 52
8 54
8 56
8 61
8 69
8 70
8 72
8 73
8 74
8 79
8 85
8 90
8 97
8 98
8 99
8 102
8 106
8 108
8 109
8 113
8 125
8 126
8 130
8 131
8 133
9 17
9 19
9 21
9 28
9 35
9 38
9 50
9 54
9 56
9 59
9 60
9 61
9 68
9 75
9 79
9 82
9 84
9 86
9 88
9 95
9 98
9 101
9 103
9 106
9 107
9 112
9 118
9 120
9 128
9 135
9 139
10 11
10 14
10 19
10 21
10 22
10 31
10 43
10 45
10 49
10 50
10 51
10 54
10 59
10 68
10 69
10 70
10 72
10 76
10 77
10 79
10 81
10 89
10 91
10 94
10 96
10 97
10 102
10 105
10 107
10 109
10 110
10 112
10 115
10 116
10 117
10 120
10 122
10 126
10 128
10 137
10 139
11 18
11 19
11 20
11 23
11 24
11 29
11 30
11 31
11 32
11 34
11 39
11 42
11 52
11 60
11 61
11 62
11 64
11 66
11 68
11 70
11 72
11 73
11 82
11 86
11 90
11 93
11 99
11 110
11 112
11 117
11 118
11 120
11 122
11 127
11 129
11 132
11 134
11 138
12 21
12 24
12 32
12 33
12 35
12 41
12 43
12 52
12 53
12 64
12 71
12 80
12 83
12 87
12 95
12 96
12 100
12 103
12 107
12 110
12 111
12 128
12 132
12 133
12 134
13 21
13 28
13 33
13 34
13 40
13 45
13 46
13 47
13 55
13 60
13 61
13 62
13 63
13 64
13 68
13 69
13 73
13 76
13 86
13 89
13 90
13 91
13 98
13 108
13 114
13 115
13 116
13 118
13 119
13 124
13 125
13 126
13 127
13 128
13 138
14 17
14 20
14 21
14 22
14 24
14 35
14 37
14 41
14 45
14 48
14 49
14 51
14 53
14 54
14 55
14 56
14 62
14 67
14 69
14 73
14 85
14 86
14 99
14 102
14 103
14 108
14 110
14 116
14 120
14 122
14 124
14 135
15 18
15 26
15 36
15 47
15 50
15 51
15 54
15 63
15 65
15 70
15 76
15 78
15 82
15 83
15 94
15 106
15 109
15 111
15 112
15 114
15 122
15 123
15 128
15 137
16 22
16 25
16 28
16 29
16 33
16 35
16 38
16 40
16 42
16 44
16 46
16 58
16 61
16 64
16 67
16 70
16 71
16 72
16 78
16 79
16 82
16 83
16 88
16 92
16 93
16 94
16 102
16 109
16 110
16 116
16 124
16 125
16 128
16 129
16 133
16 135
16 139
17 32
17 34
17 36
17 47
17 49
17 51
17 53
17 56
17 58
17 60
17 66
17 67
17 76
17 77
17 81
17 89
17 91
17 92
17 93
17 94
17 95
17 96
17 98
17 99
17 103
17 109
17 113
17 114
17 124
18 22
18 23
18 25
18 26
18 28
18 31
18 33
18 36
18 39
18 40
18 42
18 45
18 47
18 52
18 59
18 61
18 66
18 69
18 71
18 78
18 82
18 86
18 89
18 90
18 93
18 102
18 107
18 123
18 124
18 125
18 126
18 132
18 133
18 136
18 138
18 139
18 140
19 22
19 28
19 30
19 32
19 34
19 35
19 37
19 39
19 40
19 41
19 45
19 47
19 54
19 57
19 63
19 64
19 65
19 66
19 67
19 85
19 90
19 91
19 92
19 93
19 106
19 107
19 110
19 111
19 117
19 123
19 126
19 127
19 128
19 134
19 135
19 139
20 23
20 25
20 27
20 28
20 31
20 32
20 39
20 41
20 48
20 51
20 52
20 55
20 59
20 65
20 66
20 76
20 77
20 82
20 91
20 92
20 96
20 104
20 111
20 112
20 116
20 120
20 125
20 126
20 128
20 130
20 133
20 134
20 137
21 22
21 23
21 31
21 35
21 37
21 42
21 43
21 45
21 48
21 50
21 54
21 67
21 68
21 72
21 75
21 79
21 84
21 85
21 92
21 95
21 96
21 99
21 104
21 108
21 109
21 110
21 112
21 115
21 117
21 120
21 136
21 140
22 23
22 27
22 29
22 31
22 32
22 33
22 42
22 44
22 46
22 47
22 54
22 57
22 60
22 62
22 66
22 71
22 74
22 76
22 77
22 79
22 83
22 85
22 86
22 92
22 101
22 103
22 104
22 113
22 115
22 122
22 125
23 26
23 31
23 34
23 45
23 48
23 49
23 52
23 55
23 58
23 64
23 65
23 66
23 68
23 70
23 71
23 78
23 79
23 89
23 92
23 94
23 96
23 98
23 101
23 102
23 110
23 111
23 123
23 131
23 133
23 134
23 138
24 26
24 27
24 30
24 34
24 38
24 43
24 45
24 48
24 69
24 70
24 78
24 79
24 81
24 85
24 89
24 95
24 97
24 99
24 102
24 107
24 117
24 120
24 122
24 124
24 125
24 126
24 127
24 130
24 136
24 137
24 140
25 36
25 45
25 58
25 59
25 64
25 66
25 68
25 76
25 78
25 81
25 84
25 87
25 88
25 99
25 102
25 113
25 114
25 122
25 125
25 127
25 128
25 133
26 27
26 28
26 39
26 40
26 43
26 44
26 47
26 49
26 54
26 60
26 64
26 66
26 68
26 71
26 73
26 77
26 87
26 100
26 102
26 109
26 113
26 117
26 119
26 121
26 124
26 126
26 128
26 129
26 130
26 131
26 133
26 136
26 137
27 30
27 32
27 33
27 41
27 47
27 48
27 50
27 52
27 53
27 59
27 63
27 70
27 74
27 77
27 78
27 87
27 90
27 94
27 95
27 98
27 100
27 108
27 114
27 117
27 124
27 127
27 134
27 140
28 29
28 37
28 45
28 52
28 58
28 59
28 60
28 61
28 62
28 73
28 76
28 81
28 85
28 89
28 91
28 92
28 94
28 99
28 103
28 104
28 109
28 110
28 126
28 129
28 130
28 134
28 135
28 137
28 140
29 31
29 32
29 39
29 54
29 58
29 61
29 63
29 75
29 82
29 89
29 91
29 92
29 97
29 100
29 102
29 108
29 110
29 111
29 112
29 123
29 129
29 133
29 134
29 137
29 140
30 38
30 40
30 43
30 44
30 48
30 50
30 56
30 59
30 60
30 62
30 65
30 66
30 71
30 73
30 74
30 75
30 77
30 79
30 89
30 91
30 92
30 96
30 98
30 99
30 102
30 103
30 105
30 111
30 115
30 118
30 119
30 125
30 128
30 131
30 135
30 138
30 139
31 36
31 39
31 41
31 49
31 52
31 59
31 63
31 67
31 71
31 76
31 85
31 93
31 94
31 105
31 108
31 112
31 113
31 114
31 116
31 117
31 119
31 121
31 123
31 125
31 127
31 131
31 134
32 46
32 48
32 49
32 59
32 67
32 69
32 89
32 93
32 98
32 99
32 103
32 110
32 113
32 118
32 120
32 122
32 124
32 138
32 140
33 39
33 44
33 51
33 52
33 56
33 57
33 60
33 63
33 68
33 69
33 75
33 82
33 83
33 86
33 94
33 96
33 97
33 99
33 101
33 104
33 117
33 120
33 124
33 129
33 132
33 137
34 37
34 40
34 45
34 48
34 58
34 62
34 68
34 70
34 71
34 74
34 79
34 83
34 84
34 88
34 90
34 96
34 102
34 105
34 107
34 108
34 116
34 117
34 118
34 125
34 135
34 136
34 140
35 39
35 43
35 47
35 63
35 67
35 73
35 75
35 82
35 87
35 104
35 107
35 114
35 116
35 119
35 121
35 122
35 127
35 131
35 132
35 135
35 136
35 138
36 38
36 39
36 48
36 57
36 59
36 62
36 67
36 68
36 73
36 79
36 80
36 81
36 82
36 87
36 88
36 91
36 103
36 108
36 119
36 121
36 122
36 128
36 131
36 138
36 139
37 45
37 48
37 50
37 51
37 63
37 64
37 66
37 67
37 70
37 72
37 73
37 74
37 76
37 78
37 84
37 90
37 94
37 95
37 97
37 101
37 107
37 108
37 117
37 125
37 133
38 44
38 62
38 64
38 65
38 67
38 76
38 81
38 88
38 89
38 94
38 99
38 104
38 105
38 107
38 108
38 109
38 120
38 124
38 127
38 128
38 129
38 133
38 136
38 139
39 41
39 43
39 56
39 61
39 62
39 65
39 72
39 73
39 74
39 78
39 79
39 93
39 96
39 107
39 108
39 110
39 125
39 137
39 138
39 140
40 46
40 48
40 53
40 54
40 57
40 60
40 61
40 82
40 84
40 88
40 89
40 98
40 103
40 105
40 107
40 116
40 118
40 127
40 128
40 129
40 138
40 139
41 43
41 46
41 47
41 54
41 55
41 60
41 61
41 63
41 66
41 78
41 80
41 81
41 83
41 88
41 90
41 96
41 97
41 100
41 101
41 114
41 118
41 119
41 120
41 123
41 125
41 132
41 140
42 45
42 48
42 52
42 53
42 58
42 59
42 60
42 65
42 68
42 81
42 82
42 89
42 90
42 91
42 95
42 98
42 108
42 110
42 111
42 126
42 128
42 133
42 138
42 139
43 63
43 77
43 79
43 81
43 83
43 84
43 87
43 88
43 95
43 104
43 107
43 109
43 115
43 118
43 119
43 121
43 122
43 128
43 133
43 137
44 46
44 54
44 57
44 62
44 65
44 66
44 75
44 79
44 80
44 81
44 91
44 92
44 97
44 104
44 108
44 111
44 116
44 118
44 119
44 120
44 121
44 124
44 138
45 49
45 51
45 66
45 71
45 74
45 77
45 80
45 81
45 82
45 83
45 86
45 88
45 90
45 91
45 97
45 98
45 99
45 102
45 107
45 126
46 54
46 55
46 56
46 65
46 69
46 74
46 77
46 84
46 85
46 89
46 102
46 103
46 107
46 109
46 111
46 112
46 114
46 117
46 118
46 120
46 125
46 131
46 132
47 48
47 53
47 54
47 58
47 60
47 63
47 65
47 66
47 69
47 70
47 78
47 81
47 82
47 87
47 88
47 91
47 92
47 95
47 102
47 104
47 113
47 116
47 122
47 128
47 129
48 49
48 56
48 57
48 61
48 63
48 66
48 67
48 68
48 72
48 73
48 74
48 76
48 78
48 89
48 94
48 97
48 104
48 105
48 112
48 115
48 117
48 121
48 122
48 123
48 125
48 128
48 134
48 138
49 54
49 55
49 57
49 58
49 63
49 64
49 72
49 73
49 74
49 80
49 88
49 95
49 99
49 102
49 105
49 106
49 115
49 119
49 124
49 127
49 130
49 134
49 136
49 137
50 56
50 57
50 61
50 63
50 64
50 69
50 70
50 74
50 82
50 83
50 86
50 87
50 98
50 100
50 103
50 110
50 120
50 123
50 124
50 125
50 126
50 133
50 139
51 55
51 56
51 57
51 59
51 60
51 85
51 86
51 87
51 89
51 93
51 96
51 99
51 104
51 109
51 112
51 113
51 119
51 121
51 122
51 126
51 139
52 66
52 70
52 75
52 77
52 80
52 81
52 82
52 85
52 87
52 90
52 93
52 95
52 98
52 103
52 110
52 117
52 122
52 125
52 134
53 55
53 56
53 65
53 66
53 67
53 71
53 81
53 85
53 89
53 91
53 93
53 95
53 100
53 105
53 112
53 114
53 116
53 118
53 119
53 124
53 125
53 128
53 131
53 136
53 138
53 139
54 63
54 72
54 78
54 80
54 84
54 88
54 92
54 94
54 96
54 98
54 101
54 102
54 103
54 104
54 107
54 108
54 110
54 113
54 115
54 117
54 119
54 124
54 132
54 135
54 139
54 140
55 57
55 58
55 59
55 63
55 78
55 91
55 96
55 99
55 101
55 102
55 110
55 115
55 120
55 121
55 124
55 128
55 135
55 138
56 59
56 60
56 61
56 69
56 70
56 72
56 73
56 74
56 84
56 88
56 90
56 91
56 98
56 108
56 109
56 113
56 115
56 126
56 128
56 129
56 135
57 70
57 72
57 80
57 84
57 86
57 93
57 94
57 96
57 98
57 109
57 110
57 112
57 116
57 119
57 127
57 130
57 133
57 138
58 60
58 68
58 69
58 82
58 83
58 91
58 95
58 121
58 125
58 130
58 131
58 134
58 137
59 63
59 67
59 71
59 79
59 83
59 85
59 93
59 99
59 104
59 105
59 106
59 108
59 111
59 113
59 114
59 115
59 116
59 123
59 124
59 130
59 140
60 65
60 82
60 84
60 87
60 89
60 104
60 108
60 113
60 132
60 135
60 137
60 138
61 65
61 73
61 76
61 89
61 94
61 103
61 105
61 106
61 107
61 108
61 129
61 132
61 137
61 140
62 63
62 68
62 69
62 71
62 75
62 77
62 79
62 80
62 82
62 85
62 86
62 88
62 91
62 93
62 97
62 98
62 101
62 112
62 116
62 127
62 129
62 131
62 132
62 136
62 139
63 64
63 76
63 77
63 83
63 86
63 89
63 90
63 94
63 97
63 98
63 100
63 101
63 102
63 105
63 107
63 114
63 121
63 126
63 128
63 129
63 133
63 135
63 139
64 68
64 79
64 80
64 83
64 86
64 87
64 89
64 91
64 92
64 101
64 105
64 109
64 110
64 120
64 127
64 130
64 132
64 135
64 140
65 66
65 75
65 77
65 80
65 82
65 83
65 87
65 91
65 94
65 95
65 99
65 111
65 112
65 115
65 119
65 120
65 121
65 126
65 128
65 135
65 139
66 68
66 69
66 79
66 85
66 90
66 96
66 105
66 107
66 120
66 122
66 129
66 134
66 138
66 139
67 68
67 72
67 75
67 77
67 78
67 80
67 81
67 88
67 89
67 90
67 91
67 92
67 93
67 94
67 95
67 97
67 108
67 114
67 116
67 122
67 135
67 136
67 140
68 69
68 71
68 76
68 78
68 79
68 96
68 97
68 102
68 103
68 115
68 122
68 123
68 135
68 136
68 140
69 73
69 74
69 75
69 79
69 86
69 88
69 89
69 90
69 93
69 95
69 96
69 97
69 102
69 107
69 115
69 119
69 120
69 121
69 128
69 129
69 135
69 138
70 77
70 78
70 83
70 96
70 102
70 106
70 108
70 115
70 116
70 121
70 125
70 129
71 75
71 76
71 81
71 87
71 91
71 93
71 96
71 99
71 105
71 107
71 112
71 114
71 115
71 121
71 123
71 126
71 130
71 135
72 76
72 81
72 82
72 88
72 92
72 99
72 111
72 113
72 115
72 116
72 127
72 131
72 132
72 140
73 75
73 85
73 87
73 88
73 92
73 96
73 98
73 99
73 100
73 104
73 108
73 114
73 116
73 118
73 120
73 124
73 125
73 131
73 135
73 139
74 75
74 78
74 90
74 91
74 98
74 99
74 105
74 106
74 107
74 116
74 118
74 122
74 131
75 84
75 87
75 88
75 93
75 96
75 98
75 101
75 106
75 115
75 118
75 124
75 125
75 126
75 128
75 131
76 81
76 82
76 83
76 85
76 97
76 120
76 125
76 130
76 131
76 133
76 134
76 137
77 90
77 91
77 95
77 98
77 103
77 114
77 117
77 120
77 133
77 137
78 81
78 84
78 88
78 94
78 97
78 104
78 105
78 106
78 113
78 114
78 129
78 130
78 133
78 134
79 80
79 85
79 89
79 90
79 92
79 94
79 97
79 104
79 111
79 112
79 114
79 118
79 121
79 130
79 132
80 91
80 92
80 94
80 97
80 104
80 108
80 115
80 116
80 125
80 126
80 136
80 138
80 140
81 82
81 90
81 92
81 93
81 98
81 105
81 119
81 125
81 129
81 134
81 138
81 139
82 85
82 87
82 89
82 91
82 92
82 93
82 96
82 99
82 109
82 113
82 114
82 115
82 116
82 120
82 124
82 130
82 140
83 87
83 88
83 92
83 96
83 100
83 112
83 116
83 119
83 126
83 129
83 134
83 135
83 140
84 85
84 97
84 103
84 111
84 116
84 117
84 127
84 133
84 134
85 87
85 88
85 89
85 92
85 94
85 99
85 105
85 107
85 111
85 113
85 117
85 122
85 123
85 130
85 136
85 138
85 140
86 92
86 93
86 100
86 103
86 113
86 114
86 118
86 122
86 124
86 129
86 131
86 137
87 99
87 101
87 102
87 107
87 115
87 116
87 123
87 125
87 126
87 130
87 132
87 135
87 139
88 92
88 98
88 105
88 108
88 109
88 112
88 117
88 126
88 130
88 134
88 137
89 90
89 96
89 101
89 102
89 104
89 106
89 108
89 117
89 123
89 129
89 131
89 137
89 139
90 91
90 101
90 103
90 108
90 111
90 112
90 114
90 116
90 118
90 121
90 123
90 126
90 128
90 133
90 134
90 136
90 138
91 92
91 97
91 100
91 103
91 113
91 133
91 137
91 138
92 93
92 94
92 97
92 103
92 108
92 119
92 121
92 131
92 132
92 137
93 97
93 107
93 109
93 115
93 119
93 124
93 128
93 129
93 132
93 134
94 97
94 123
94 124
94 127
94 137
94 138
95 98
95 100
95 106
95 110
95 113
95 116
95 128
95 134
95 136
96 97
96 99
96 105
96 111
96 130
96 133
96 136
97 104
97 106
97 110
97 114
97 115
97 116
97 123
97 125
97 127
97 128
97 131
97 135
97 140
98 107
98 108
98 110
98 111
98 113
98 117
98 121
98 127
98 132
98 135
98 136
98 137
98 139
99 102
99 104
99 106
99 110
99 111
99 113
99 114
99 120
99 123
99 132
99 133
99 134
99 136
100 106
100 108
100 110
100 115
100 116
100 121
100 123
100 128
100 133
100 136
100 140
101 102
101 108
101 111
101 120
101 121
101 122
101 127
101 130
101 133
101 137
101 138
101 139
101 140
102 103
102 108
102 109
102 111
102 112
102 113
102 123
102 124
102 136
103 116
103 120
103 124
103 128
103 131
103 133
104 105
104 109
104 113
104 114
104 130
104 132
104 134
104 135
104 139
105 106
105 109
105 115
105 117
105 131
106 109
106 112
106 119
106 128
106 130
106 132
106 136
107 112
107 116
107 120
107 125
107 127
107 128
107 130
107 137
107 139
108 112
108 115
108 117
108 119
108 122
108 127
108 130
108 131
108 132
108 133
108 136
108 140
109 110
109 112
109 114
109 115
109 117
109 118
109 119
109 125
109 128
109 136
109 139
110 111
110 112
110 114
110 120
110 122
110 125
110 128
110 130
111 120
111 123
111 125
111 139
112 118
112 126
112 127
112 132
112 133
112 136
113 115
113 119
113 129
113 132
113 134
113 139
114 115
114 123
114 127
114 129
115 118
115 119
115 120
115 130
115 134
116 120
116 124
116 127
117 119
117 121
117 124
117 126
117 129
117 138
117 140
118 119
118 124
118 125
118 130
118 133
118 134
118 140
119 122
119 124
119 126
119 128
119 136
119 137
119 138
120 121
120 126
120 131
120 134
120 137
120 139
121 124
121 133
121 134
121 135
121 136
121 140
122 123
122 127
122 134
122 136
123 129
124 135
125 127
125 129
125 138
126 127
126 134
127 131
127 137
127 138
128 129
128 133
128 135
129 133
129 140
130 132
130 133
130 138
131 135
131 139
132 135
132 137
134 135
135 136
135 138
137 139
