40 40 165
1 3
1 7
1 9
1 18
1 23
1 27
1 29
1 30
1 31
1 33
1 37
2 10
2 13
2 14
2 17
2 22
2 28
2 34
2 35
2 38
3 5
3 11
3 14
3 20
3 22
3 25
3 26
3 30
3 33
3 36
3 38
4 8
4 13
4 15
4 26
4 36
5 7
5 9
5 17
5 18
5 24
5 29
6 9
6 15
6 16
6 21
6 28
6 33
7 10
7 19
7 24
7 30
7 31
7 39
8 14
8 15
8 16
8 18
8 23
8 29
8 34
8 35
8 36
8 37
8 40
9 10
9 11
9 12
9 14
9 25
9 30
9 36
9 40
10 21
10 23
10 24
10 27
10 31
10 35
10 38
10 40
11 22
11 31
11 35
11 36
12 13
12 14
12 16
12 18
12 20
12 24
12 36
13 18
13 23
14 29
14 30
14 31
15 16
15 19
15 23
15 26
15 32
15 33
15 34
15 39
16 21
16 25
16 40
17 20
17 24
17 26
17 28
17 29
17 30
17 31
17 34
18 32
18 36
19 23
19 29
20 25
20 26
20 36
20 37
20 39
20 40
21 38
21 39
22 40
23 25
23 31
23 35
23 38
24 33
24 34
25 26
25 27
25 32
26 28
26 30
26 39
27 31
27 40
28 30
28 34
28 36
29 30
29 34
29 39
29 40
30 34
31 33
31 39
32 33
32 36
32 38
33 36
34 35
34 38
35 37
35 38
36 40
37 38
37 39
38 39
