70 70 565
1 2
1 11
1 22
1 26
1 28
1 35
1 36
1 37
1 38
1 42
1 44
1 47
1 54
1 56
1 66
1 67
2 8
2 9
2 12
2 16
2 22
2 23
2 25
2 28
2 31
2 32
2 36
2 40
2 42
2 43
2 49
2 51
2 52
2 61
2 68
3 5
3 6
3 9
3 13
3 16
3 21
3 40
3 45
3 47
3 48
3 49
3 52
3 58
3 60
3 62
3 70
4 5
4 9
4 11
4 17
4 20
4 25
4 27
4 28
4 29
4 31
4 38
4 43
4 45
4 48
4 51
4 53
4 54
4 57
4 65
4 70
5 7
5 9
5 29
5 34
5 36
5 42
5 44
5 48
5 54
5 56
5 57
5 60
5 64
6 9
6 11
6 16
6 24
6 25
6 36
6 37
6 39
6 44
6 46
6 52
6 55
6 63
6 64
7 9
7 12
7 14
7 28
7 51
7 52
7 57
7 59
7 61
7 62
7 69
8 12
8 13
8 19
8 22
8 24
8 27
8 33
8 36
8 40
8 47
8 50
8 51
8 54
8 62
8 70
9 19
9 21
9 29
9 30
9 32
9 41
9 56
10 16
10 17
10 22
10 32
10 34
10 40
10 50
10 54
10 57
10 60
10 61
10 67
11 13
11 20
11 22
11 25
11 27
11 31
11 33
11 48
11 50
11 60
11 64
11 66
11 67
11 69
12 17
12 22
12 27
12 34
12 36
12 37
12 38
12 39
12 41
12 50
12 63
13 23
13 24
13 27
13 33
13 34
13 39
13 40
13 43
13 53
13 55
13 56
13 63
13 68
14 21
14 26
14 29
14 41
14 42
14 43
14 51
14 56
14 68
14 69
15 18
15 21
15 24
15 37
15 39
15 41
15 42
15 44
15 45
15 47
15 49
15 50
15 58
15 65
15 68
15 70
16 19
16 22
16 25
16 29
16 33
16 34
16 36
16 39
16 43
16 45
16 52
16 53
16 64
17 21
17 24
17 29
17 30
17 39
17 41
17 44
17 45
17 53
17 54
17 65
17 68
17 69
18 24
18 27
18 32
18 36
18 37
18 38
18 41
18 51
18 58
18 63
19 22
19 24
19 28
19 30
19 32
19 35
19 44
19 49
19 51
19 59
19 62
19 64
19 67
19 68
20 37
20 40
20 41
20 46
20 51
20 55
20 57
20 58
20 63
20 70
21 23
21 25
21 26
21 29
21 34
21 42
21 50
21 52
21 66
21 67
22 30
22 35
22 38
22 40
22 52
22 54
22 56
22 67
23 28
23 29
23 31
23 34
23 37
23 39
23 40
23 41
23 44
23 52
23 55
23 57
23 58
23 60
23 66
23 68
24 25
24 32
24 42
24 49
24 50
24 60
24 61
24 63
24 64
24 68
25 31
25 36
25 39
25 40
25 43
25 45
25 57
25 61
25 67
25 70
26 35
26 41
26 44
26 47
26 51
26 53
26 56
26 61
26 62
26 68
26 70
27 32
27 33
27 34
27 43
27 45
27 48
27 49
27 50
27 58
27 59
27 60
27 62
27 66
28 30
28 31
28 32
28 37
28 45
28 69
29 30
29 37
29 39
29 40
29 46
29 47
29 50
29 61
29 70
30 33
30 37
30 38
30 40
30 41
30 48
30 54
30 65
31 33
31 40
31 41
31 44
31 45
31 48
31 50
31 51
31 54
31 56
31 59
31 65
31 66
32 33
32 46
32 50
32 53
32 58
32 65
32 66
32 67
33 35
33 38
33 41
33 46
33 54
33 55
33 58
33 63
34 35
34 43
34 46
34 49
34 53
34 56
34 58
35 37
35 39
35 42
35 47
35 48
35 51
35 52
35 67
36 37
36 40
36 41
36 44
36 48
36 49
36 50
36 56
36 60
36 62
36 66
37 44
37 50
37 56
37 58
37 60
37 61
37 62
37 65
38 40
38 52
38 55
38 57
38 61
38 64
39 41
39 45
39 46
39 53
39 63
40 41
40 43
40 46
40 47
40 48
40 50
40 52
40 55
40 56
40 61
40 67
40 70
41 50
41 59
41 62
41 63
42 43
42 45
42 46
42 47
42 49
42 52
42 55
42 68
43 46
43 49
43 52
43 54
43 55
43 56
43 58
43 61
43 63
43 66
43 69
44 48
44 54
44 57
44 60
44 61
44 62
45 47
45 49
45 52
45 60
45 63
45 68
45 69
46 47
46 49
46 53
46 54
46 56
46 58
46 61
46 62
46 64
47 53
47 67
47 69
48 53
48 55
48 56
48 62
48 69
49 50
49 52
49 57
49 59
49 63
49 70
50 51
50 52
50 56
50 60
50 61
50 62
50 64
51 55
51 59
51 67
51 68
52 59
52 63
52 68
52 70
53 55
53 58
53 60
53 69
54 63
54 68
55 56
55 57
55 58
55 62
55 64
55 69
55 70
57 67
58 64
58 70
59 63
59 70
60 69
60 70
61 65
61 69
62 63
62 65
62 67
62 69
63 69
63 70
64 67
64 69
65 66
65 67
65 69
66 68
66 69
67 69
69 70
