45 45 206
1 11
1 13
1 16
1 22
1 28
1 29
1 31
1 41
1 42
2 4
2 16
2 20
2 21
2 26
2 29
2 34
3 6
3 15
3 17
3 19
3 27
3 30
3 32
3 35
3 42
3 44
4 6
4 7
4 9
4 13
4 16
4 17
4 18
4 20
4 22
4 23
4 26
4 27
4 31
4 38
4 42
4 44
5 21
5 26
5 30
5 39
5 43
6 7
6 9
6 21
6 22
6 23
6 27
6 29
6 38
6 43
6 45
7 23
7 24
7 27
7 28
7 29
7 31
7 36
7 39
7 40
7 44
8 9
8 10
8 11
8 17
8 20
8 27
9 28
9 39
9 45
10 11
10 16
10 18
10 20
10 29
10 31
10 42
10 44
11 18
11 20
11 22
11 29
11 34
11 43
12 22
12 34
12 43
13 24
13 29
13 30
13 35
13 36
13 40
13 42
13 44
14 23
14 24
14 42
14 44
15 16
15 20
15 22
15 27
15 28
15 29
15 37
15 40
15 42
15 43
16 22
16 25
16 39
16 40
16 41
16 45
17 30
17 31
17 33
17 34
17 35
17 36
17 37
18 19
18 23
18 28
18 36
18 44
19 29
19 31
19 38
19 43
20 23
20 27
20 28
20 29
20 33
20 36
20 45
21 23
21 25
21 41
21 44
22 24
22 26
23 25
23 29
23 35
23 38
24 26
24 28
24 31
24 34
24 37
24 39
24 41
24 43
25 27
25 29
25 37
25 45
26 29
26 33
26 43
26 44
27 28
27 29
27 31
27 32
27 33
27 36
27 42
28 36
28 38
28 39
29 36
29 37
29 39
30 36
30 38
30 39
30 45
31 36
32 36
32 39
32 44
32 45
33 34
33 36
33 39
33 44
33 45
35 42
35 45
36 40
36 42
37 38
39 41
39 42
40 42
42 44
