50 50 275
1 4
1 12
1 17
1 19
1 24
1 25
1 29
1 33
1 34
1 38
1 39
1 40
1 41
1 42
1 45
1 46
1 47
1 48
2 7
2 10
2 13
2 15
2 18
2 19
2 24
2 28
2 40
2 42
2 43
2 46
2 47
3 13
3 15
3 17
3 22
3 25
3 27
3 36
3 37
3 41
3 44
3 45
3 46
4 27
4 29
4 31
4 34
4 37
4 39
5 17
5 18
5 21
5 23
5 26
5 28
5 29
5 32
5 36
6 10
6 15
6 18
6 19
6 21
6 24
6 33
6 36
6 45
6 50
7 14
7 16
7 20
7 30
7 34
7 37
7 41
8 11
8 17
8 20
8 23
8 49
8 50
9 18
9 23
9 27
9 36
9 41
9 43
9 44
9 50
10 14
10 17
10 21
10 24
10 25
10 26
10 37
10 44
10 45
10 49
11 20
11 21
11 29
11 31
11 39
11 40
12 14
12 19
12 20
12 23
12 29
12 41
12 49
13 20
13 21
13 23
13 33
13 35
13 36
13 38
13 41
13 42
13 45
13 47
13 50
14 16
14 21
14 30
14 31
14 41
14 45
14 49
14 50
15 22
15 28
15 34
15 40
15 45
15 46
15 50
16 19
16 21
16 23
16 30
16 31
16 38
16 40
16 41
16 45
16 48
17 19
17 43
17 44
17 45
17 47
17 50
18 21
18 22
18 25
18 28
18 30
18 37
18 40
19 24
19 26
19 27
19 35
19 38
19 39
19 40
19 41
19 50
20 31
20 32
20 41
21 27
21 28
21 29
21 32
21 34
21 49
22 28
22 31
22 33
22 36
22 45
22 48
22 49
22 50
23 38
23 50
24 25
24 30
24 31
24 33
24 42
24 44
24 46
25 27
25 32
25 33
25 34
25 36
25 37
25 43
25 46
25 47
25 48
25 49
26 36
26 43
26 45
26 46
26 47
26 48
26 49
27 47
27 49
28 33
28 37
28 39
28 42
28 44
28 45
28 46
29 34
29 37
29 39
29 40
29 46
29 50
30 35
30 46
30 47
30 50
31 40
31 44
31 45
32 37
32 40
32 45
32 46
32 48
32 49
33 39
33 44
33 46
33 49
34 43
34 44
34 46
34 47
35 39
35 45
35 46
35 47
36 41
36 44
36 48
37 48
37 49
38 47
38 50
39 42
39 50
40 43
40 46
40 49
40 50
41 44
41 45
42 43
43 49
44 45
44 49
46 49
