120 120 1684
1 3
1 13
1 14
1 19
1 20
1 34
1 44
1 45
1 51
1 52
1 53
1 54
1 55
1 67
1 71
1 76
1 94
1 96
1 105
1 112
1 114
1 117
1 119
2 7
2 22
2 24
2 27
2 30
2 36
2 39
2 40
2 43
2 48
2 50
2 58
2 61
2 70
2 72
2 73
2 77
2 84
2 87
2 91
2 92
2 110
2 112
2 115
2 119
3 4
3 5
3 16
3 21
3 22
3 24
3 33
3 39
3 46
3 47
3 50
3 53
3 61
3 70
3 80
3 82
3 87
3 91
3 93
3 95
3 96
3 109
3 110
3 111
3 116
4 5
4 7
4 8
4 11
4 13
4 24
4 28
4 29
4 31
4 54
4 57
4 58
4 59
4 71
4 74
4 94
4 96
4 99
4 100
4 107
4 108
4 111
4 114
5 10
5 14
5 20
5 25
5 27
5 31
5 39
5 42
5 46
5 47
5 56
5 66
5 67
5 72
5 76
5 82
5 87
5 92
5 96
5 97
5 105
5 106
5 116
5 120
6 16
6 17
6 28
6 30
6 31
6 47
6 58
6 59
6 61
6 65
6 66
6 67
6 68
6 70
6 71
6 88
6 89
6 94
6 100
6 106
6 113
6 116
6 120
7 9
7 15
7 19
7 22
7 42
7 47
7 55
7 60
7 63
7 73
7 77
7 83
7 92
7 96
7 99
7 102
7 103
7 105
7 106
7 112
7 113
7 117
7 118
7 120
8 13
8 15
8 16
8 20
8 26
8 30
8 33
8 36
8 37
8 39
8 43
8 44
8 52
8 55
8 59
8 64
8 65
8 74
8 77
8 87
8 94
8 95
8 108
9 10
9 12
9 13
9 16
9 25
9 32
9 38
9 42
9 44
9 54
9 55
9 59
9 65
9 78
9 80
9 82
9 84
9 85
9 88
9 97
9 99
9 100
9 106
9 107
9 110
9 114
9 120
10 15
10 17
10 23
10 26
10 28
10 29
10 30
10 31
10 42
10 45
10 55
10 58
10 61
10 66
10 68
10 72
10 73
10 74
10 82
10 84
10 85
10 86
10 90
10 101
10 112
10 113
10 116
11 12
11 14
11 16
11 36
11 40
11 49
11 54
11 57
11 60
11 61
11 64
11 73
11 81
11 82
11 88
11 112
11 117
12 20
12 22
12 24
12 25
12 29
12 51
12 59
12 62
12 73
12 82
12 85
12 89
12 90
12 99
12 104
12 110
12 112
12 117
12 119
13 15
13 16
13 17
13 18
13 23
13 29
13 30
13 31
13 34
13 37
13 39
13 42
13 43
13 44
13 58
13 59
13 61
13 64
13 67
13 70
13 72
13 75
13 78
13 79
13 83
13 85
13 87
13 89
13 90
13 92
13 102
13 103
13 104
13 110
13 118
14 19
14 21
14 22
14 27
14 37
14 45
14 49
14 50
14 57
14 61
14 69
14 77
14 79
14 81
14 83
14 88
14 94
14 95
14 97
14 115
14 118
15 16
15 17
15 18
15 21
15 27
15 28
15 29
15 31
15 46
15 53
15 56
15 60
15 66
15 70
15 73
15 74
15 76
15 79
15 80
15 82
15 84
15 87
15 98
15 103
15 104
15 107
15 110
15 119
16 18
16 19
16 20
16 24
16 31
16 34
16 36
16 37
16 38
16 49
16 51
16 55
16 69
16 74
16 79
16 80
16 83
16 85
16 90
16 91
16 95
16 99
16 102
16 104
16 105
16 106
16 109
16 116
16 120
17 21
17 24
17 25
17 26
17 44
17 46
17 55
17 65
17 75
17 83
17 95
17 99
17 104
17 109
17 111
17 112
17 115
17 118
17 119
17 120
18 28
18 30
18 32
18 33
18 34
18 38
18 39
18 40
18 47
18 61
18 69
18 70
18 72
18 78
18 79
18 81
18 82
18 91
18 93
18 102
18 104
18 112
18 116
18 117
18 118
19 23
19 25
19 31
19 33
19 41
19 42
19 47
19 50
19 53
19 56
19 57
19 58
19 62
19 65
19 67
19 73
19 74
19 76
19 79
19 80
19 82
19 83
19 87
19 88
19 92
19 96
19 97
19 99
19 100
19 105
19 106
19 110
19 112
19 116
19 120
20 31
20 34
20 36
20 37
20 42
20 43
20 46
20 47
20 50
20 53
20 58
20 60
20 61
20 65
20 66
20 72
20 79
20 85
20 86
20 90
20 94
20 99
20 106
20 114
20 115
21 33
21 37
21 43
21 46
21 48
21 49
21 54
21 55
21 59
21 60
21 73
21 78
21 86
21 87
21 90
21 91
21 93
21 99
21 103
21 104
21 114
21 119
22 29
22 35
22 36
22 38
22 41
22 42
22 51
22 57
22 59
22 62
22 68
22 70
22 73
22 77
22 80
22 82
22 90
22 98
22 101
22 104
22 105
22 108
22 109
22 111
22 114
23 25
23 27
23 32
23 37
23 40
23 46
23 48
23 59
23 66
23 71
23 73
23 74
23 76
23 79
23 87
23 89
23 90
23 91
23 92
23 96
23 104
23 119
23 120
24 26
24 27
24 28
24 29
24 40
24 42
24 43
24 44
24 46
24 51
24 67
24 71
24 73
24 77
24 78
24 82
24 83
24 88
24 96
24 110
24 115
25 27
25 34
25 36
25 41
25 45
25 51
25 60
25 61
25 68
25 85
25 88
25 91
25 93
25 96
25 99
25 102
25 105
25 107
25 109
25 111
25 117
25 120
26 28
26 33
26 53
26 58
26 59
26 63
26 68
26 70
26 77
26 79
26 86
26 90
26 92
26 97
26 103
26 112
26 115
26 118
26 120
27 38
27 42
27 44
27 53
27 66
27 79
27 80
27 81
27 85
27 88
27 90
27 95
27 98
27 101
27 102
27 105
27 109
27 112
27 114
27 119
27 120
28 30
28 33
28 34
28 39
28 55
28 59
28 65
28 68
28 71
28 73
28 76
28 79
28 81
28 83
28 94
28 96
28 97
28 98
28 105
28 114
29 31
29 34
29 38
29 41
29 64
29 66
29 68
29 71
29 77
29 81
29 91
29 99
29 104
29 109
29 114
29 115
29 116
30 32
30 35
30 45
30 51
30 56
30 66
30 69
30 74
30 76
30 81
30 83
30 94
30 97
30 112
30 114
30 120
31 34
31 40
31 44
31 49
31 51
31 53
31 61
31 70
31 75
31 76
31 82
31 85
31 91
31 92
31 107
31 115
31 116
31 117
32 33
32 40
32 41
32 54
32 55
32 56
32 57
32 59
32 65
32 66
32 72
32 74
32 79
32 81
32 85
32 87
32 89
32 92
32 96
32 98
32 103
32 107
32 108
32 109
32 111
33 37
33 38
33 40
33 44
33 47
33 52
33 55
33 57
33 67
33 74
33 81
33 86
33 88
33 89
33 90
33 95
33 96
33 97
33 98
33 101
33 102
33 106
33 110
33 111
33 114
33 117
34 46
34 51
34 53
34 58
34 59
34 61
34 64
34 67
34 72
34 75
34 83
34 92
34 93
34 99
34 107
34 108
34 111
35 41
35 49
35 67
35 69
35 74
35 81
35 82
35 84
35 101
35 103
35 104
35 108
36 39
36 45
36 51
36 52
36 56
36 57
36 60
36 62
36 64
36 65
36 74
36 77
36 78
36 79
36 83
36 84
36 87
36 88
36 92
36 97
36 99
36 104
36 106
36 108
36 109
36 114
36 118
36 119
36 120
37 39
37 48
37 63
37 66
37 73
37 75
37 77
37 86
37 88
37 90
37 94
37 95
37 117
38 42
38 50
38 53
38 56
38 60
38 66
38 68
38 69
38 70
38 74
38 76
38 85
38 86
38 87
38 100
38 102
38 103
38 109
38 110
39 47
39 48
39 51
39 57
39 59
39 60
39 63
39 67
39 77
39 81
39 82
39 83
39 84
39 100
39 101
39 105
39 120
40 50
40 52
40 56
40 57
40 58
40 68
40 69
40 70
40 73
40 80
40 89
40 91
40 92
40 93
40 98
40 102
40 111
40 113
40 114
40 117
40 118
41 44
41 45
41 47
41 51
41 53
41 57
41 60
41 61
41 64
41 65
41 73
41 83
41 85
41 87
41 94
41 108
42 50
42 51
42 56
42 60
42 67
42 69
42 72
42 75
42 77
42 80
42 81
42 83
42 84
42 87
42 91
42 92
42 95
42 97
42 98
42 104
42 106
42 109
42 111
43 48
43 56
43 57
43 58
43 59
43 61
43 65
43 69
43 72
43 74
43 76
43 84
43 89
43 91
43 94
43 98
43 103
43 107
43 114
43 118
44 48
44 51
44 59
44 62
44 63
44 71
44 74
44 75
44 84
44 87
44 88
44 94
44 98
44 102
44 103
44 104
44 106
44 110
44 111
44 113
44 117
44 119
45 50
45 54
45 58
45 68
45 81
45 88
45 90
45 92
45 94
45 95
45 98
45 103
45 104
45 105
45 107
45 108
45 109
45 112
45 113
45 117
45 119
46 50
46 51
46 53
46 58
46 61
46 65
46 79
46 82
46 84
46 93
46 94
46 100
46 104
46 106
46 117
47 49
47 52
47 57
47 60
47 62
47 67
47 68
47 69
47 71
47 73
47 75
47 79
47 83
47 86
47 94
47 97
47 100
47 103
47 106
47 109
47 111
47 115
47 119
47 120
48 58
48 60
48 63
48 65
48 69
48 72
48 73
48 75
48 77
48 82
48 83
48 89
48 95
48 97
48 98
48 103
48 109
48 113
48 119
49 50
49 53
49 60
49 65
49 70
49 73
49 74
49 84
49 85
49 94
49 96
49 100
49 106
49 109
49 112
49 114
50 51
50 61
50 62
50 65
50 68
50 71
50 72
50 74
50 77
50 80
50 81
50 86
50 91
50 94
50 98
50 100
50 104
50 107
50 113
51 53
51 55
51 56
51 57
51 63
51 69
51 73
51 76
51 80
51 81
51 82
51 83
51 86
51 90
51 93
51 95
51 101
51 102
51 106
51 109
51 113
51 118
51 119
52 72
52 76
52 80
52 82
52 85
52 86
52 89
52 90
52 105
52 106
52 107
52 110
52 115
52 116
52 118
52 119
53 54
53 56
53 61
53 64
53 69
53 72
53 76
53 78
53 81
53 82
53 83
53 87
53 91
53 92
53 94
53 96
53 99
53 103
53 106
53 107
54 59
54 61
54 65
54 66
54 70
54 73
54 77
54 78
54 85
54 89
54 90
54 94
54 95
54 96
54 104
54 109
54 112
54 116
55 63
55 64
55 66
55 68
55 82
55 83
55 90
55 91
55 96
55 98
55 99
55 103
55 109
55 114
56 64
56 76
56 78
56 80
56 81
56 84
56 85
56 91
56 94
56 95
56 104
56 105
56 109
56 110
57 58
57 59
57 60
57 63
57 64
57 71
57 72
57 75
57 78
57 80
57 85
57 91
57 97
57 98
57 101
57 102
57 107
57 110
57 111
57 117
57 119
58 61
58 63
58 64
58 65
58 84
58 85
58 88
58 95
58 101
58 104
58 108
58 113
58 117
58 118
59 64
59 66
59 67
59 69
59 83
59 87
59 88
59 91
59 99
59 103
59 105
59 106
59 110
59 115
59 116
60 61
60 65
60 67
60 68
60 70
60 75
60 83
60 86
60 89
60 95
60 98
60 111
60 114
60 116
60 120
61 65
61 66
61 72
61 74
61 77
61 83
61 87
61 90
61 94
61 96
61 97
61 104
62 65
62 74
62 78
62 84
62 85
62 86
62 90
62 92
62 93
62 94
62 96
62 98
62 102
62 105
62 110
62 111
62 114
62 115
62 116
62 118
63 66
63 68
63 70
63 72
63 78
63 80
63 82
63 89
63 93
63 105
63 112
63 116
64 66
64 69
64 70
64 72
64 79
64 80
64 89
64 103
64 104
64 115
64 116
64 117
64 118
65 67
65 69
65 71
65 73
65 77
65 85
65 92
65 95
65 99
65 100
65 103
65 118
66 67
66 75
66 84
66 90
66 100
66 105
66 110
66 113
66 120
67 80
67 81
67 82
67 89
67 93
67 100
67 101
67 102
67 105
67 106
67 111
67 112
67 116
67 118
67 119
68 73
68 74
68 77
68 85
68 86
68 91
68 92
68 93
68 96
68 98
68 101
68 103
68 109
68 113
68 116
68 119
69 71
69 78
69 83
69 84
69 85
69 86
69 93
69 95
69 96
69 97
69 98
69 99
69 103
69 105
69 108
69 115
69 116
69 117
69 118
69 119
69 120
70 82
70 87
70 90
70 97
70 105
70 114
70 119
71 74
71 86
71 99
71 102
71 105
71 110
71 111
71 113
71 117
71 118
72 76
72 82
72 83
72 88
72 94
72 95
72 96
72 99
72 106
72 112
72 115
72 117
73 74
73 80
73 82
73 83
73 86
73 100
73 103
73 105
73 113
73 114
73 116
73 118
74 77
74 79
74 80
74 83
74 84
74 85
74 93
74 96
74 102
74 104
74 105
74 112
74 113
74 115
74 117
74 118
75 79
75 86
75 92
75 98
75 103
75 111
75 114
76 84
76 86
76 111
76 114
77 79
77 86
77 89
77 93
77 95
77 96
77 98
77 112
77 115
78 79
78 80
78 82
78 84
78 86
78 93
78 97
78 106
78 107
78 110
78 116
78 119
79 80
79 81
79 87
79 97
79 99
79 107
79 108
79 110
79 112
79 116
79 118
79 119
79 120
80 84
80 88
80 95
80 105
80 107
80 108
80 111
80 115
80 117
81 93
81 94
81 95
81 103
81 106
81 111
81 114
81 115
81 116
81 117
82 87
82 89
82 95
82 98
82 101
82 102
82 106
82 112
82 115
82 116
83 91
83 99
83 102
83 109
83 114
83 119
84 89
84 94
84 97
84 98
84 102
84 103
84 104
84 109
84 113
84 116
84 118
85 88
85 91
85 92
85 99
85 100
85 103
85 106
85 107
85 116
85 120
86 89
86 102
86 110
86 112
86 116
86 117
87 88
87 92
87 97
87 103
87 104
87 106
87 107
87 113
88 97
88 102
88 110
88 113
88 115
88 120
89 90
89 94
89 96
89 98
89 100
89 103
89 107
89 112
89 116
89 119
90 106
90 107
90 113
90 114
90 118
91 94
91 95
91 99
91 100
92 94
92 98
92 101
92 103
92 104
92 105
92 106
92 109
92 118
92 120
93 105
93 118
94 96
94 103
94 105
94 109
94 110
94 111
94 117
94 120
95 100
95 106
95 107
95 108
95 111
95 115
95 117
96 99
96 100
96 102
96 104
96 105
96 107
96 112
96 120
97 105
97 108
97 111
97 112
97 115
97 120
98 103
98 107
98 110
98 113
99 100
99 103
99 105
99 108
99 112
99 115
100 104
100 108
100 114
100 119
101 105
101 109
101 112
102 103
102 104
102 112
102 120
103 108
103 111
103 112
103 116
104 106
104 108
104 111
104 113
104 114
105 114
105 120
106 117
106 118
107 118
108 113
109 110
109 112
109 113
110 111
110 113
110 115
111 112
111 113
112 113
114 118
115 118
116 119
118 119
119 120
