80 80 721
1 4
1 5
1 7
1 10
1 17
1 18
1 23
1 24
1 27
1 38
1 40
1 41
1 42
1 43
1 46
1 54
1 64
1 67
1 70
1 73
1 74
2 7
2 8
2 21
2 23
2 24
2 29
2 31
2 32
2 35
2 36
2 38
2 53
2 54
2 59
2 62
2 70
2 72
2 76
2 79
3 4
3 21
3 29
3 45
3 49
3 50
3 52
3 55
3 56
3 57
3 66
3 67
3 76
4 8
4 9
4 12
4 17
4 19
4 20
4 22
4 23
4 25
4 31
4 32
4 34
4 35
4 43
4 49
4 51
4 53
4 61
4 65
4 67
4 73
4 74
4 75
4 76
5 8
5 13
5 15
5 27
5 29
5 31
5 34
5 35
5 37
5 40
5 41
5 49
5 51
5 53
5 65
5 79
5 80
6 10
6 15
6 25
6 38
6 41
6 42
6 45
6 50
6 54
6 59
6 61
6 66
6 74
6 79
7 9
7 11
7 13
7 17
7 25
7 31
7 38
7 43
7 45
7 46
7 55
7 56
7 57
7 67
7 68
7 71
8 11
8 20
8 23
8 31
8 32
8 39
8 43
8 47
8 48
8 51
8 55
8 57
8 59
8 66
8 68
8 69
8 72
8 75
9 10
9 24
9 29
9 30
9 39
9 41
9 46
9 47
9 53
9 55
9 57
9 58
9 66
9 68
9 75
9 77
9 78
10 12
10 14
10 15
10 16
10 20
10 23
10 28
10 34
10 36
10 40
10 41
10 43
10 49
10 56
10 62
10 70
11 16
11 24
11 26
11 36
11 59
11 62
11 64
11 66
11 67
11 70
11 73
11 74
11 80
12 18
12 25
12 27
12 35
12 37
12 42
12 47
12 48
12 49
12 50
12 51
12 52
12 53
12 54
12 55
12 67
12 78
13 17
13 25
13 28
13 38
13 45
13 46
13 48
13 50
13 51
13 52
13 74
13 77
13 78
14 18
14 22
14 39
14 41
14 45
14 49
14 53
14 54
14 56
14 57
14 59
14 67
15 19
15 22
15 24
15 33
15 43
15 44
15 45
15 49
15 55
15 63
15 67
15 68
15 70
15 73
15 76
15 77
15 79
16 17
16 27
16 39
16 41
16 44
16 45
16 55
16 61
16 68
16 79
16 80
17 24
17 27
17 31
17 33
17 35
17 38
17 46
17 48
17 54
17 55
17 60
17 61
17 62
17 67
17 68
17 69
17 78
18 20
18 22
18 27
18 28
18 37
18 40
18 45
18 46
18 49
18 51
18 55
18 57
18 64
18 67
18 68
18 69
18 71
18 74
19 34
19 39
19 43
19 48
19 52
19 59
19 63
19 68
19 70
19 72
19 77
19 80
20 21
20 22
20 25
20 33
20 34
20 36
20 37
20 39
20 40
20 58
20 64
20 65
20 71
20 78
21 22
21 26
21 29
21 30
21 41
21 42
21 44
21 48
21 51
21 52
21 53
21 58
21 62
21 66
21 69
21 72
21 73
21 74
21 75
21 80
22 27
22 36
22 43
22 44
22 45
22 50
22 61
22 64
22 67
22 70
22 77
22 79
23 27
23 37
23 39
23 43
23 47
23 48
23 50
23 56
23 66
23 72
23 78
23 79
24 26
24 37
24 47
24 48
24 53
24 54
24 56
24 58
24 61
24 62
24 64
24 68
24 76
25 28
25 31
25 34
25 38
25 40
25 41
25 42
25 49
25 52
25 60
25 68
25 75
25 77
26 36
26 38
26 43
26 46
26 48
26 54
26 55
26 56
26 59
26 60
26 64
26 66
26 67
26 72
26 74
26 79
27 36
27 39
27 44
27 54
27 56
27 58
27 60
27 61
27 67
27 69
27 75
27 77
28 29
28 37
28 45
28 59
28 60
28 61
28 72
28 75
28 78
29 31
29 44
29 48
29 52
29 61
29 68
29 75
29 76
29 79
30 35
30 43
30 52
30 53
30 61
31 33
31 40
31 45
31 48
31 50
31 51
31 52
31 58
31 59
31 65
31 67
31 68
31 73
31 74
31 76
31 79
32 33
32 37
32 42
32 46
32 47
32 48
32 50
32 53
32 55
32 63
32 65
32 70
32 71
33 34
33 38
33 42
33 44
33 57
33 60
33 67
33 69
33 73
33 74
33 77
33 80
34 36
34 50
34 51
34 52
34 57
34 59
34 63
34 64
34 68
34 69
34 73
34 76
35 39
35 40
35 44
35 51
35 56
35 63
35 65
35 71
35 72
35 74
35 75
36 50
36 54
36 57
36 73
36 76
37 40
37 42
37 43
37 45
37 46
37 51
37 57
37 61
37 62
37 66
37 69
37 78
38 48
38 49
38 52
38 54
38 55
38 62
38 63
38 72
39 40
39 45
39 49
39 50
39 51
39 52
39 56
39 60
39 64
39 80
40 47
40 48
40 56
40 60
40 66
40 71
40 72
40 75
40 77
40 78
40 79
41 49
41 60
41 62
41 65
41 67
41 70
41 74
41 76
42 43
42 45
42 47
42 48
42 56
42 72
43 46
43 48
43 54
43 55
43 57
43 65
43 66
43 68
43 75
43 76
44 58
44 64
44 71
44 73
44 74
44 79
44 80
45 50
45 54
45 56
45 59
45 60
45 61
45 68
45 70
45 71
45 76
45 80
46 48
46 55
46 66
46 72
46 74
46 77
46 78
47 49
47 54
47 57
47 66
47 73
47 75
48 50
48 51
48 53
48 63
48 72
48 78
49 51
49 52
49 55
49 57
49 58
49 71
49 77
50 58
50 80
51 54
51 59
51 61
51 64
51 67
51 69
51 73
52 55
52 56
52 66
52 72
53 54
53 59
53 63
53 64
53 67
53 69
53 80
54 59
54 62
54 68
54 77
54 80
55 62
55 66
55 68
55 69
55 70
55 76
56 58
56 60
56 68
56 73
56 74
57 58
57 61
57 63
57 69
58 59
58 63
58 69
58 70
59 63
59 68
59 70
59 74
60 63
60 65
60 72
60 73
60 74
60 80
61 62
61 63
61 66
61 68
61 69
61 71
61 72
61 76
61 78
61 79
61 80
62 63
62 65
62 69
62 72
62 76
62 79
63 67
63 75
64 76
65 67
65 69
65 78
66 74
66 78
67 70
67 76
67 78
67 80
68 77
69 72
69 78
70 76
70 78
71 76
71 79
72 73
72 74
72 76
72 77
72 78
73 74
73 75
73 80
74 75
75 80
76 78
78 80
79 80
