90 90 930
1 9
1 12
1 18
1 24
1 31
1 37
1 38
1 43
1 51
1 52
1 53
1 55
1 57
1 60
1 62
1 64
1 68
1 69
1 74
1 85
1 86
1 87
1 88
2 3
2 5
2 6
2 9
2 11
2 12
2 13
2 16
2 18
2 19
2 24
2 38
2 39
2 47
2 48
2 52
2 54
2 56
2 58
2 60
2 61
2 64
2 65
2 68
2 71
2 72
2 73
2 84
2 85
3 5
3 6
3 8
3 13
3 17
3 22
3 29
3 35
3 38
3 43
3 46
3 56
3 58
3 67
3 69
3 70
3 71
3 80
3 82
4 8
4 12
4 23
4 27
4 36
4 37
4 39
4 41
4 52
4 64
4 67
4 72
4 74
4 76
4 79
4 90
5 7
5 12
5 21
5 28
5 33
5 37
5 44
5 58
5 59
5 67
5 68
5 74
5 79
5 85
5 88
5 90
6 12
6 14
6 16
6 18
6 21
6 24
6 25
6 28
6 32
6 37
6 42
6 47
6 56
6 58
6 65
6 66
6 77
6 85
7 12
7 14
7 15
7 19
7 20
7 23
7 32
7 34
7 36
7 39
7 47
7 50
7 53
7 55
7 59
7 76
7 80
7 81
7 82
7 84
7 88
8 13
8 16
8 18
8 20
8 24
8 41
8 46
8 50
8 51
8 53
8 55
8 56
8 58
8 63
8 67
8 70
8 81
8 87
8 89
8 90
9 10
9 13
9 19
9 21
9 31
9 33
9 40
9 46
9 47
9 51
9 52
9 56
9 57
9 61
9 64
9 67
9 74
9 88
10 12
10 20
10 24
10 28
10 30
10 43
10 44
10 48
10 50
10 51
10 54
10 65
10 69
10 70
10 77
10 83
10 84
10 85
10 87
11 13
11 15
11 17
11 21
11 22
11 25
11 37
11 40
11 43
11 45
11 47
11 48
11 62
11 63
11 67
11 70
11 71
11 74
11 80
11 82
11 83
11 84
11 87
12 20
12 22
12 26
12 30
12 38
12 41
12 42
12 43
12 49
12 51
12 53
12 57
12 58
12 60
12 66
12 67
12 70
12 78
12 88
13 14
13 16
13 19
13 21
13 25
13 28
13 30
13 31
13 33
13 37
13 39
13 47
13 50
13 51
13 55
13 56
13 57
13 60
13 68
13 71
13 72
13 73
13 76
13 78
13 88
14 16
14 17
14 21
14 23
14 24
14 25
14 35
14 39
14 40
14 41
14 42
14 46
14 48
14 54
14 57
14 62
14 66
14 72
14 77
14 86
15 18
15 19
15 27
15 35
15 42
15 44
15 47
15 49
15 53
15 63
15 65
15 67
15 68
15 71
15 72
15 74
15 79
15 80
16 17
16 22
16 27
16 31
16 34
16 36
16 38
16 43
16 44
16 46
16 47
16 49
16 52
16 57
16 62
16 65
16 68
16 75
16 77
16 78
16 83
16 86
16 88
16 90
17 36
17 40
17 54
17 56
17 60
17 61
17 65
17 72
17 73
17 78
17 79
18 30
18 33
18 35
18 57
18 64
18 66
18 74
18 88
19 22
19 27
19 29
19 31
19 41
19 53
19 55
19 62
19 65
19 83
19 87
20 22
20 23
20 33
20 34
20 37
20 38
20 40
20 42
20 45
20 47
20 57
20 61
20 62
20 65
20 73
20 75
20 85
20 89
21 25
21 29
21 32
21 33
21 42
21 44
21 45
21 51
21 53
21 57
21 58
21 59
21 61
21 64
21 78
21 85
22 26
22 31
22 33
22 34
22 37
22 38
22 43
22 46
22 47
22 52
22 59
22 63
22 66
22 70
22 72
22 75
22 77
22 83
22 86
23 24
23 25
23 27
23 29
23 34
23 40
23 46
23 50
23 52
23 56
23 59
23 60
23 64
23 66
23 67
23 78
23 80
23 81
23 86
23 89
24 29
24 41
24 45
24 50
24 67
24 68
24 74
24 77
24 78
24 81
24 86
25 29
25 32
25 35
25 36
25 41
25 44
25 45
25 49
25 55
25 57
25 64
25 65
25 66
25 67
25 68
25 73
25 75
25 80
25 81
25 84
25 90
26 27
26 33
26 39
26 40
26 41
26 42
26 48
26 56
26 65
26 70
26 90
27 30
27 31
27 36
27 39
27 41
27 42
27 48
27 49
27 53
27 56
27 65
27 67
27 72
27 74
27 81
27 85
27 90
28 35
28 39
28 41
28 44
28 49
28 52
28 53
28 56
28 58
28 71
28 79
28 84
28 90
29 30
29 34
29 39
29 40
29 43
29 45
29 50
29 51
29 58
29 59
29 62
29 67
29 70
29 88
30 31
30 34
30 36
30 39
30 44
30 54
30 55
30 58
30 71
30 80
30 81
30 89
31 35
31 37
31 38
31 41
31 42
31 47
31 48
31 54
31 55
31 64
31 73
31 74
31 83
31 85
31 90
32 34
32 43
32 49
32 51
32 54
32 57
32 60
32 61
32 62
32 70
32 74
32 75
32 77
32 78
32 79
32 81
32 85
32 86
33 41
33 43
33 51
33 52
33 55
33 58
33 62
33 77
33 79
34 41
34 43
34 46
34 50
34 60
34 62
34 63
34 66
34 68
34 71
34 72
34 74
34 79
35 45
35 54
35 56
35 61
35 71
35 72
35 75
35 82
36 43
36 44
36 55
36 58
36 60
36 69
36 70
36 78
36 80
36 81
36 88
36 90
37 38
37 42
37 44
37 50
37 57
37 61
37 63
37 67
37 68
37 78
37 80
37 81
38 40
38 47
38 62
38 64
38 65
38 67
38 69
38 70
38 77
38 86
39 43
39 44
39 45
39 53
39 54
39 57
39 58
39 60
39 62
39 70
39 73
39 74
39 78
39 79
39 80
39 89
40 43
40 48
40 49
40 57
40 63
40 82
40 83
40 89
40 90
41 52
41 57
41 59
41 62
41 66
41 68
41 74
41 76
41 80
41 82
41 84
41 89
42 43
42 44
42 56
42 62
42 65
42 67
42 72
42 75
42 76
42 77
42 79
42 86
42 88
43 45
43 46
43 56
43 59
43 62
43 63
43 64
43 68
43 71
43 74
43 77
43 84
43 87
43 89
44 45
44 46
44 47
44 48
44 49
44 52
44 56
44 60
44 61
44 80
44 84
44 85
45 46
45 49
45 50
45 55
45 59
45 64
45 70
45 72
45 81
45 82
45 86
45 90
46 53
46 58
46 60
46 67
46 68
46 74
47 60
47 61
47 67
47 69
47 74
47 78
47 79
47 80
47 81
47 85
48 61
48 69
48 70
48 71
48 73
48 77
48 78
48 84
48 87
49 69
49 75
49 86
49 89
50 51
50 66
50 69
50 72
50 73
50 75
50 76
50 83
50 89
50 90
51 52
51 54
51 55
51 57
51 59
51 65
51 72
51 77
51 79
51 83
51 86
51 87
51 89
52 55
52 56
52 59
52 62
52 64
52 73
52 74
52 80
52 83
52 87
53 56
53 57
53 61
53 62
53 77
53 79
53 84
53 89
54 57
54 66
54 71
54 73
54 80
54 83
54 84
54 86
54 88
55 57
55 66
55 68
55 69
55 70
55 72
55 81
55 82
55 84
56 58
56 59
56 61
56 72
56 79
56 85
56 87
57 61
57 63
57 65
57 68
57 69
57 75
57 76
57 90
58 60
58 62
58 68
58 72
58 74
58 86
59 60
59 71
59 76
59 86
59 87
60 64
60 68
60 77
60 78
60 80
60 81
60 88
61 67
61 74
61 78
61 83
61 90
62 64
62 65
62 79
62 82
62 83
63 64
63 66
63 67
63 75
63 80
63 81
63 86
64 67
64 71
64 74
64 75
64 77
64 84
64 86
64 89
65 67
65 68
65 71
65 74
66 71
66 73
66 78
66 83
66 88
67 74
67 88
67 90
68 73
68 74
68 81
68 82
68 86
69 70
69 80
69 81
69 85
69 88
70 78
70 79
70 81
70 83
70 88
71 75
71 86
71 88
72 75
72 79
72 81
72 86
73 75
73 83
73 86
74 76
74 77
74 85
75 82
75 83
75 85
75 87
76 78
77 80
77 82
77 88
78 79
78 80
78 82
78 88
79 82
80 89
81 86
82 86
82 88
82 89
83 84
83 87
83 88
83 89
84 88
85 88
85 89
85 90
86 87
86 88
88 90
