60 60 435
1 2
1 12
1 13
1 14
1 21
1 23
1 24
1 36
1 38
1 39
1 40
1 42
1 56
2 9
2 16
2 18
2 20
2 22
2 23
2 24
2 27
2 28
2 29
2 34
2 37
2 40
2 47
2 51
2 57
2 59
3 5
3 13
3 15
3 17
3 25
3 35
3 42
3 45
3 50
3 53
3 54
3 56
4 7
4 8
4 17
4 23
4 26
4 32
4 41
4 44
4 45
4 49
4 50
4 52
4 54
4 55
4 58
4 59
4 60
5 7
5 10
5 12
5 14
5 24
5 26
5 28
5 29
5 31
5 32
5 34
5 36
5 39
5 46
5 53
5 56
6 12
6 13
6 14
6 19
6 20
6 27
6 29
6 34
6 37
6 41
6 45
6 60
7 10
7 19
7 21
7 22
7 25
7 26
7 27
7 31
7 35
7 36
7 41
7 46
7 57
7 59
8 11
8 12
8 14
8 17
8 21
8 37
8 38
8 51
8 55
8 56
9 12
9 15
9 16
9 18
9 24
9 32
9 34
9 37
9 39
9 44
9 47
9 48
9 52
10 11
10 14
10 15
10 16
10 19
10 34
10 36
10 39
10 41
10 48
10 58
11 18
11 19
11 24
11 25
11 29
11 30
11 33
11 35
11 36
11 39
11 43
11 44
11 46
11 51
11 55
11 59
12 13
12 16
12 22
12 23
12 24
12 31
12 32
12 34
12 35
12 39
12 46
12 48
12 50
12 53
12 58
13 19
13 23
13 28
13 29
13 43
13 48
13 53
13 60
14 15
14 16
14 20
14 23
14 26
14 31
14 33
14 37
14 39
14 45
14 52
14 54
14 57
14 58
15 19
15 23
15 28
15 29
15 49
15 55
15 58
15 60
16 31
16 34
16 40
16 52
16 54
16 55
16 56
16 58
17 22
17 28
17 30
17 46
17 50
17 53
17 54
17 57
17 58
17 59
18 20
18 26
18 29
18 32
18 33
18 34
18 38
18 40
18 43
18 49
18 52
18 53
19 23
19 24
19 33
19 40
19 45
19 51
19 54
19 55
19 59
20 29
20 31
20 41
20 42
20 47
20 48
20 53
20 54
21 23
21 28
21 29
21 32
21 33
21 38
21 39
21 40
21 41
21 44
21 45
21 49
21 51
22 25
22 28
22 37
22 42
22 54
22 58
22 60
23 26
23 27
23 29
23 34
23 37
23 39
23 42
23 48
23 50
24 32
24 33
24 42
24 45
24 46
24 47
24 48
24 50
24 59
24 60
25 29
25 33
25 35
25 40
25 43
25 44
25 49
25 53
25 55
25 60
26 35
26 37
26 39
26 42
26 46
26 49
26 50
27 28
27 33
27 41
27 43
27 44
27 47
27 51
27 53
27 59
28 31
28 32
28 35
28 36
28 38
28 41
28 43
28 44
28 47
28 49
28 53
28 55
28 58
29 30
29 31
29 32
29 39
29 47
29 54
30 32
30 33
30 37
30 39
30 44
30 45
30 49
30 53
30 58
30 59
31 37
31 42
31 43
31 44
31 50
31 60
32 38
32 40
32 41
32 53
32 58
32 59
33 36
33 37
33 39
33 48
33 53
34 35
34 39
34 43
34 45
34 51
34 52
34 53
34 54
34 58
34 60
35 37
35 39
35 41
35 45
35 58
36 40
36 52
37 40
37 46
37 48
37 51
37 53
37 59
38 39
38 43
38 46
38 48
38 60
39 47
39 60
40 41
40 55
40 59
41 45
41 48
41 51
41 59
42 49
42 50
42 53
42 56
43 44
43 56
44 47
44 51
44 53
44 55
44 58
44 59
44 60
45 48
45 49
45 50
45 51
45 55
45 57
45 58
46 49
46 54
47 55
48 52
48 56
48 57
48 58
49 54
49 57
50 56
51 52
51 57
51 59
52 53
52 56
52 57
52 59
52 60
53 55
53 57
54 56
55 57
56 57
59 60
