100 100 1220
1 3
1 8
1 9
1 22
1 23
1 25
1 26
1 31
1 34
1 35
1 38
1 44
1 50
1 66
1 75
1 79
1 82
1 83
1 84
1 88
1 95
1 99
2 3
2 4
2 6
2 8
2 9
2 17
2 20
2 23
2 28
2 29
2 33
2 34
2 37
2 46
2 47
2 51
2 64
2 65
2 66
2 70
2 76
2 77
2 78
2 83
2 85
2 87
2 88
2 89
2 92
2 94
2 98
3 9
3 10
3 14
3 16
3 20
3 22
3 25
3 26
3 28
3 39
3 45
3 47
3 48
3 49
3 51
3 53
3 59
3 62
3 63
3 66
3 73
3 75
3 76
3 81
3 85
3 87
3 88
3 95
3 98
3 100
4 5
4 16
4 18
4 24
4 26
4 32
4 33
4 37
4 41
4 43
4 48
4 54
4 61
4 63
4 70
4 73
4 75
4 76
4 78
4 80
4 81
4 83
4 89
4 99
4 100
5 8
5 12
5 14
5 19
5 22
5 28
5 31
5 66
5 76
5 80
5 83
5 84
5 85
5 96
6 11
6 13
6 14
6 15
6 16
6 23
6 25
6 30
6 34
6 35
6 36
6 40
6 44
6 46
6 50
6 56
6 57
6 65
6 69
6 83
6 86
6 97
6 99
6 100
7 15
7 26
7 27
7 28
7 33
7 47
7 51
7 54
7 58
7 63
7 66
7 69
7 78
7 79
7 80
7 82
7 86
7 88
7 92
7 93
7 96
7 99
8 9
8 18
8 22
8 28
8 31
8 37
8 45
8 49
8 50
8 60
8 69
8 70
8 72
8 79
8 87
8 88
8 93
8 97
8 99
9 14
9 19
9 21
9 26
9 27
9 29
9 34
9 42
9 43
9 44
9 49
9 52
9 54
9 59
9 62
9 72
9 77
9 80
9 84
9 88
9 90
9 91
9 99
10 12
10 19
10 22
10 23
10 24
10 38
10 39
10 48
10 53
10 55
10 58
10 60
10 73
10 78
10 87
10 88
10 99
10 100
11 14
11 15
11 19
11 28
11 30
11 33
11 37
11 46
11 51
11 52
11 60
11 65
11 69
11 75
11 78
11 79
11 80
11 90
11 93
12 15
12 20
12 24
12 25
12 27
12 31
12 32
12 34
12 35
12 37
12 39
12 50
12 57
12 61
12 62
12 63
12 69
12 71
12 82
12 88
12 99
13 19
13 20
13 30
13 35
13 47
13 48
13 54
13 55
13 57
13 61
13 63
13 74
13 75
13 76
13 77
13 84
13 87
13 92
13 97
13 98
13 99
14 19
14 21
14 24
14 26
14 31
14 33
14 35
14 36
14 38
14 44
14 47
14 53
14 59
14 61
14 62
14 65
14 69
14 71
14 72
14 81
14 87
14 91
14 92
14 95
14 97
14 98
15 16
15 23
15 28
15 29
15 30
15 40
15 42
15 48
15 50
15 51
15 54
15 57
15 67
15 68
15 69
15 75
15 84
15 86
15 87
15 88
15 90
15 92
15 97
15 100
16 18
16 20
16 23
16 28
16 31
16 36
16 37
16 38
16 48
16 52
16 56
16 57
16 61
16 65
16 70
16 76
16 81
16 82
16 85
16 91
16 95
16 98
16 100
17 18
17 24
17 26
17 30
17 34
17 43
17 44
17 46
17 47
17 51
17 52
17 53
17 64
17 67
17 77
17 78
17 79
17 81
17 90
17 93
18 20
18 24
18 25
18 27
18 34
18 40
18 43
18 46
18 47
18 52
18 54
18 56
18 63
18 65
18 67
18 71
18 74
18 75
18 76
18 80
18 82
18 84
18 90
18 92
19 21
19 33
19 34
19 38
19 45
19 55
19 62
19 65
19 74
19 79
19 80
19 92
19 93
20 22
20 29
20 30
20 31
20 36
20 37
20 38
20 42
20 46
20 47
20 48
20 49
20 53
20 56
20 60
20 61
20 62
20 64
20 65
20 70
20 77
20 81
20 85
20 89
20 92
20 95
20 96
21 22
21 27
21 32
21 34
21 39
21 42
21 45
21 48
21 54
21 60
21 61
21 65
21 66
21 67
21 69
21 84
21 86
21 87
21 88
21 90
22 26
22 29
22 30
22 31
22 47
22 50
22 54
22 58
22 59
22 61
22 62
22 65
22 67
22 75
22 78
22 80
22 81
22 83
22 92
22 99
23 25
23 26
23 36
23 37
23 38
23 40
23 44
23 48
23 51
23 59
23 62
23 63
23 70
23 71
23 73
23 78
23 86
23 87
23 90
23 95
24 30
24 32
24 39
24 44
24 45
24 47
24 56
24 69
24 71
24 72
24 74
24 84
25 26
25 31
25 34
25 35
25 38
25 39
25 43
25 45
25 61
25 70
25 71
25 76
25 79
25 82
25 83
25 87
25 90
25 91
25 93
26 28
26 29
26 30
26 32
26 43
26 51
26 56
26 63
26 67
26 73
26 74
26 76
26 81
26 84
26 91
26 95
26 98
27 28
27 32
27 38
27 48
27 49
27 53
27 55
27 57
27 59
27 63
27 66
27 73
27 74
27 76
27 78
27 80
27 83
27 84
27 91
27 94
27 95
27 98
28 29
28 32
28 35
28 37
28 42
28 47
28 49
28 50
28 57
28 63
28 64
28 66
28 70
28 71
28 76
28 77
28 84
28 85
28 87
28 89
28 90
28 92
28 93
28 94
28 100
29 32
29 34
29 41
29 43
29 46
29 48
29 53
29 54
29 64
29 68
29 69
29 78
29 79
29 80
30 32
30 34
30 35
30 38
30 39
30 43
30 51
30 53
30 62
30 70
30 71
30 80
30 83
30 85
30 90
30 93
30 99
31 38
31 42
31 44
31 45
31 53
31 61
31 65
31 71
31 72
31 74
31 75
31 84
31 88
31 90
31 92
32 36
32 37
32 39
32 44
32 47
32 51
32 52
32 53
32 55
32 58
32 62
32 63
32 69
32 75
32 86
32 93
33 39
33 40
33 45
33 46
33 57
33 58
33 60
33 73
33 75
33 79
33 83
33 88
33 89
33 99
33 100
34 58
34 60
34 73
34 80
34 88
34 93
34 95
34 96
35 40
35 41
35 42
35 45
35 46
35 52
35 59
35 67
35 75
35 77
35 80
35 83
35 85
35 86
35 87
35 94
35 97
36 38
36 40
36 43
36 49
36 53
36 54
36 62
36 65
36 66
36 67
36 70
36 71
36 80
36 89
36 93
36 94
37 38
37 40
37 50
37 58
37 66
37 79
37 82
37 85
37 87
37 89
37 90
37 92
37 94
37 99
38 52
38 58
38 61
38 64
38 65
38 69
38 71
38 72
38 75
38 81
38 85
38 87
38 89
38 90
38 93
38 95
38 97
38 98
39 43
39 53
39 54
39 55
39 58
39 63
39 68
39 69
39 70
39 78
39 88
39 89
40 42
40 43
40 49
40 56
40 60
40 63
40 66
40 72
40 77
40 79
40 83
40 84
40 86
40 97
41 42
41 46
41 56
41 63
41 65
41 67
41 72
41 73
41 77
41 78
41 81
41 93
42 45
42 50
42 52
42 54
42 55
42 59
42 64
42 76
42 78
42 81
42 88
42 91
42 92
42 94
42 96
43 46
43 60
43 61
43 65
43 66
43 69
43 72
43 74
43 76
43 85
43 87
43 94
43 99
43 100
44 45
44 73
44 75
44 76
44 87
44 89
44 95
44 96
44 98
45 57
45 58
45 59
45 60
45 63
45 69
45 71
45 72
45 78
45 79
45 80
45 82
45 89
45 92
45 94
45 98
46 53
46 58
46 59
46 60
46 64
46 70
46 85
46 91
46 98
46 100
47 54
47 55
47 58
47 68
47 72
47 78
47 82
47 87
47 92
47 96
47 99
48 50
48 52
48 57
48 61
48 64
48 65
48 70
48 72
48 77
48 84
48 85
48 86
48 87
48 88
48 90
48 98
49 51
49 54
49 60
49 66
49 72
49 81
49 86
49 92
49 93
49 100
50 54
50 55
50 59
50 63
50 68
50 69
50 73
50 81
50 83
50 88
50 91
50 93
50 96
51 52
51 55
51 62
51 66
51 68
51 69
51 74
51 76
51 77
51 88
51 92
52 53
52 65
52 68
52 69
52 75
52 82
52 87
52 96
52 97
52 99
53 57
53 63
53 65
53 73
53 83
53 85
53 89
53 92
53 96
53 99
53 100
54 65
54 67
54 69
54 70
54 78
54 79
54 82
54 83
54 86
54 95
54 96
55 63
55 68
55 70
55 74
55 77
55 90
56 57
56 63
56 68
56 70
56 77
56 78
56 79
56 87
56 90
56 97
57 61
57 68
57 70
57 74
57 76
57 81
57 82
57 86
57 87
57 93
57 94
57 97
57 99
58 62
58 70
58 74
58 75
58 76
58 83
58 86
58 97
58 98
58 99
58 100
59 63
59 64
59 70
59 73
59 75
59 77
59 81
59 84
59 85
59 86
59 94
60 64
60 68
60 70
60 76
60 77
60 83
60 85
60 87
60 92
60 93
60 98
60 99
61 62
61 63
61 66
61 69
61 74
61 75
61 76
61 77
61 83
61 84
61 89
61 93
61 94
61 95
62 68
62 70
62 73
62 75
62 77
62 82
62 86
62 87
62 92
62 94
62 95
62 100
63 70
63 76
63 77
63 78
63 87
63 90
63 92
63 95
63 96
63 97
63 99
63 100
64 66
64 72
64 79
64 81
64 84
64 87
64 88
64 93
65 67
65 68
65 69
65 70
65 71
65 72
65 73
65 78
65 80
65 81
65 88
65 89
65 91
65 94
65 99
66 83
66 86
66 88
66 89
66 91
66 94
66 96
66 97
66 99
66 100
67 68
67 78
67 80
67 81
67 84
67 88
67 91
67 95
67 96
67 98
68 73
68 74
68 75
68 77
68 84
68 88
68 89
68 92
68 98
69 76
69 88
69 89
69 91
69 97
70 71
70 73
70 74
70 81
70 82
70 86
70 89
70 93
70 96
70 98
70 100
71 74
71 82
71 83
71 84
71 89
71 90
72 80
72 81
72 83
72 85
72 91
72 95
72 97
72 99
73 74
73 77
73 85
73 88
74 80
74 84
74 86
74 87
74 89
74 94
74 97
75 77
75 78
75 83
75 87
75 89
75 95
75 96
75 99
75 100
76 77
76 79
76 80
76 82
76 86
76 93
76 94
76 96
76 99
77 80
77 81
77 82
77 85
77 86
77 92
77 97
78 81
78 86
78 92
79 81
79 82
79 84
79 87
79 95
79 98
79 99
80 81
80 84
80 87
81 90
81 93
81 94
81 96
81 98
82 92
82 93
82 94
82 96
82 98
83 84
83 91
83 99
83 100
84 86
84 89
84 90
84 92
84 98
85 93
85 97
86 92
86 95
86 97
86 98
87 88
87 96
87 97
88 89
88 91
88 100
89 92
89 99
90 98
91 99
92 94
94 95
94 97
94 100
95 100
97 99
97 100
