100 100 135
1 14
1 50
1 11
2 20
2 5
3 21
4 5
5 20
6 13
6 17
7 18
7 17
7 29 
8 14
9 4
9 12
10 24
10 19
11 7
11 17 
11 14
11 2
11 34
11 25
12 15 
12 31
13 11
14 9
15 7
15 3
16 19
16 18
17 12
17 36 
18 10
18 21
19 18
19 20
19 42
20 1
20 13
21 6
21 13
22 19
23 11
23 18 
24 20
24 8
25 1
26 1
27 29
28 25
29 5
29 36
30 12
31 39
32 24
33 30
34 16
35 25
36 26
37 44
37 18
38 22
38 39
39 27
39 17
40 26
41 28
41 20 
42 21
42 18
42 17 
43 27
43 41
44 16
45 3
46 43
46 7
47 35
48 12
48 47 
49 3
50 43
51 7
52 48
52 26 
53 32
54 75
55 83
56 100
57 36
58 45
59 12
60 79
61 68
62 20
63 13
64 74
65 63
66 10
67 70
68 22
69 82
70 62
71 68
72 34
73 67
74 63 
75 58 
76 39
77 41
78 92
79 19
80 61
81 76
82 62
83 26
84 61
85 55
86 99
87 65
88 17
89 82
90 92
91 3
92 53
93 90
94 70
95 68
96 27
97 73
98 13
99 88
100 62